1 NWNW1 962 506 0 
2 NWNW2 1163 189 6 
3 NWNEa1 1316 317 22 
4 NWNEa2 1469 232 16 
5 NWNEa3 1505 364 0 
6 NENWb1 2673 392 15 
7 NENWb2 2742 435 15 
8 NENWb3 2771 345 15 
9 NENWb4 2782 289 15 
10 NENWb5 2837 233 0 
11 NENWb6 3015 250 0
12 NENWb7 3083 202 4 
13 NWSWb1 1029 1181 0 
14 NWNEc1 1319 889 0 
15 NWNEc2 1415 771 0 
16 NWNEc3 1531 753 16 
17 NWNEc4 1556 806 0 
18 NWNEc5 1511 968 0 
19 NWNEc7 1562 1058 0 
20 NWNEc6 1511 1071 0 
21 NWNEb1 2340 645 0 
22 NWNEb2 2351 689 0 
23 NWNEb3 2397 723 0 
24 NWNEb4 2434 767 0 
25 NENWa1 2644 851 0 
26 NWSEa4 2459 1042 0 
27 NWSEa3 2518 1066 0 
28 NWSEa1 2339 1159 5 
29 NWSEa2 2393 1154 0 
30 NENWb8 3247 246 4 
31 NENWb10 3404 238 0 
32 NENWb9 3377 458 9
33 NENWb11 3370 638 5
34 NWSWa4 200 1460 0
35 NWSWa3 208 1444 0 
36 NWSWa2 360 1337 0 
37 NWSWa1 582 1453 0 
38 NWSWa5 349 1565 0 
39 NWSWa6 620 1706 0 
40 NWSWb3 963 1859 0
41 NWSWb2 980 1850 0 
42 NWSWb6 970 1894 0 
43 NWSWb5 970 1884 0 
44 NWSWb4 978 1880 0 
45 NWSWb14 1018 1860 0 
46 NWSWb13 1035 1877 0 
47 NWSWb12 1043 1904 0 
48 NWSWb11 1043 1960 0 
49 NWSWb10 1039 1976 0 
50 NWSWb9 1025 1991 0 
51 NWSWb7 975 1992 0
52 NWSWb8 990 1993 0 
53 SWNWa3 451 2053 0 
54 SWNWa2 477 2044 7 
55 SWNWa1 493 2027 3 
56 SWNWa4 469 2087 8 
57 SWNWa5 467 2100 5 
58 NWSEb1 1658 2030 0 
59 NWSEb2 1690 1993 0 
60 NWSEb3 1710 1964 0 
61 NWSEb4 1726 1999 0 
62 NWSEb5 1733 2017 0 
63 NWSEb6 1743 2028 0 
64 NWSEb7 1754 2020 0 
65 NWSEb8 2035 1942 0 
66 NWSEb9 2055 1963 0 
67 NWSEb13 2066 1979 0 
68 NWSEb14 2059 1990 0 
69 NWSEb15 2071 2007 0 
70 NWSEb10 2063 1962 0 
71 NWSEb12 2099 1976 0 
72 NWSEb11 2090 1987 0 
73 NWSEb16 2094 2006 0 
74 NWSEb17 2189 1991 0 
75 SWNEa1 1427 2405 5 
76 SWNEa2 1435 2381 5
77 SWNEa3 1471 2340 5
78 SWNEa5 1452 2302 0
79 SWNEa6 1437 2294 0 
80 SWNEa9 1439 2217 0 
81 SWNEa10 1467 2182 0 
82 SWNEa8 1465 2246 5
83 SWNEa7 1479 2273 5
84 SWNEa4 1563 2312 5
85 SWNEa15 1547 2223 10 
86 SWNEa11 1519 2214 5
87 SWNEa14 1534 2189 5
88 SWNEa12 1523 2150 0 
89 SWNEa13 1542 2115 5 
90 SWNEa16 1595 2193 0 
91 SWNEa17 1619 2236 0 
92 SWNEa18 1655 2268 5 
93 SWNEa20 1725 2288 5 
94 SWNEa22 1774 2321 5 
95 SWNEa23 1759 2333 0 
96 SWNEa24 1766 2431 5 
97 SWNEa21 1703 2318 5 
98 SWNEa19 1655 2304 0 
99 SWNEc1 2063 2144 0
100 SWNEc2 2104 2124 0 
101 SWNEc3 2098 2101 0 
102 SWNEc5 2129 2108 0 
103 SWNEc7 2153 2121 0 
104 SWNEc9 2186 2144 0 
105 SWNEc10 2177 2151 0 
106 SWNEc8 2161 2149 0 
107 SWNEc6 2130 2133 0 
108 SWNEc4 2123 2121 0 
109 SENWa1 2647 2167 5 
110 SENWa2 2628 2221 6
111 SENWa3 2642 2289 7 
112 SENWa4 2682 2291 5 
113 SENWa5 2727 2309 0 
114 SENWa6 2781 2294 6 
115 SENWa7 2807 2255 0 
116 SENWa8 2850 2252 5 
117 SENWa12 2957 2150 53
118 SENWa11 2967 2171 36 
119 SENWa13 2952 2177 52
120 SENWa10 2955 2200 46 
121 SENWa9 2932 2240 5
122 SWNWb1 958 2505 0 
123 SWNWb2 1025 2702 0 
124 SWNWb3 1290 2735 0 
125 SWNEb1 1382 2840 0 
126 SWNEb2 1390 2985 0 
127 SWNEb3 1414 3059 0 
128 SWNEa25 1647 2642 5 
129 SWNEa26 1563 2705 0 
130 SWNEa27 1671 2808 0 
131 SWNEb4 1601 3013 0 
132 SWNEb5 1665 3063 0 
133 SWSWa5 1068 3182 0 
134 SWSWa4 1075 3156 0 
135 SWSWa3 1073 3133 0 
136 SWSWa1 1090 3110 0 
137 SWSWa2 1093 3132 0 
138 SWSWa6 1096 3179 0 
139 SWSWb1 1129 3403 0 
140 SWSWb3 1162 3468 0
141 SWSWb4 1127 3499 0 
142 SWSWb2 1136 3446 0 
143 SWSEa1 2014 3269 0 
144 SWSEa4 2040 3427 0 
145 SWSEa3 2096 3384 0 
146 SWSEa2 2149 3362 10 
147 SWSEc1 2370 3428 3
148 SWSEc2 2342 3482 3 
149 SWSEc3 2360 3507 3 
150 SWSEc4 2387 3506 3 
151 SWSEe1 2467 3580 3 
152 SWSEe3 2481 3623 3 
153 SWSEe2 2527 3585 0 
154 SWSEe4 2534 3609 0 
155 SESW1 2797 3452 0 
156 SESW2 2803 3488 0
157 SESW3 2792 3520 0 
158 SESW4 2831 3510 0 
159 SESW5 2989 3606 15
160 SESW6 3035 3602 0 
161 SWSEd5 2154 3983 3 
162 SWSEd4 2144 3985 0 
163 SWSEd3 2140 3941 3 
164 SWSEd2 2157 3924 3 
165 SWSEd1 2152 3951 3 
166 SWSEd6 2162 3988 3 
167 SWSEb10 2452 3942 0 
168 SWSEb9 2421 3929 3 
169 SWSEb8 2414 3920 3 
170 SWSEb7 2436 3902 0 
171 SWSEb6 2481 3908 6 
172 SWSEb5 2512 3899 3 
173 SWSEb4 2512 3919 0 
174 SWSEb3 2512 3962 6 
175 SWSEb2 2527 3982 0 
176 SWSEb1 2516 3998 3 
177 SESE9 4476 3282 0 
178 SESE8 4477 3230 0 
179 SESE7 4465 3210 0 
180 SESE6 4425 3152 0 
181 SESE1 4420 3117 0 
182 SESE2 4449 3130 0 
183 SESE3 4453 3148 0 
184 SESE4 4501 3108 0 
185 SESE5 4513 3104 0 
186 SESE10 4470 3188 0 
187 SESE11 4507 3227 0 
188 SESE12 4495 3242 0 
189 SESE13 4642 3369 0 
190 SESE14 4694 3486 0 
191 SENWb6 3477 2761 35 
192 SENWb5 3426 2723 49 
193 SENWb4 3418 2675 50 
194 SENWb3 3533 2471 10 
195 SENWb2 3511 2421 48
196 SENWb1 3568 2402 11
197 SENWb10 3702 2825 21 
198 SENWb9 3594 2826 44 
199 SENWb8 3557 2820 24 
200 SENWb7 3541 2785 5 
